jumps    0,    0, lt      00 00 00 84           0000 0000    0000 0000    0000 0000    1000 0100
jumps    1,    0, lt      00 00 00 84           0000 0000    0000 0000    0000 0000    1000 0100
jumps    2,    0, lt      00 00 00 84           0000 0000    0000 0000    0000 0000    1000 0100
jumps    3,    0, lt      00 00 00 84           0000 0000    0000 0000    0000 0000    1000 0100
jumps    4,    0, lt      00 00 02 84           0000 0000    0000 0000    0000 0010    1000 0100
jumps    8,    0, lt      00 00 04 84           0000 0000    0000 0000    0000 0100    1000 0100
jumps   12,    0, lt      00 00 06 84           0000 0000    0000 0000    0000 0110    1000 0100
jumps   13,    0, lt      00 00 06 84           0000 0000    0000 0000    0000 0110    1000 0100
jumps   13, 0x96, lt      96 00 06 84           1001 0110    0000 0000    0000 0110    1000 0100
jumps 0x3a, 0xff, lt      ff 00 1c 84           1111 1111    0000 0000    0001 1100    1000 0100
       
jumps    0,    0, le      00 00 01 84           0000 0000    0000 0000    0000 0001    1000 0100
jumps    1,    0, le      00 00 01 84           0000 0000    0000 0000    0000 0001    1000 0100
jumps    2,    0, le      00 00 01 84           0000 0000    0000 0000    0000 0001    1000 0100
jumps    3,    0, le      00 00 01 84           0000 0000    0000 0000    0000 0001    1000 0100
jumps    4,    0, le      00 00 03 84           0000 0000    0000 0000    0000 0011    1000 0100
jumps    8,    0, le      00 00 05 84           0000 0000    0000 0000    0000 0101    1000 0100
jumps   12,    0, le      00 00 07 84           0000 0000    0000 0000    0000 0111    1000 0100
jumps   13,    0, le      00 00 07 84           0000 0000    0000 0000    0000 0111    1000 0100
jumps   13, 0x96, le      96 00 07 84           1001 0110    0000 0000    0000 0111    1000 0100
jumps 0x3a, 0xff, le      ff 00 1d 84           1111 1111    0000 0000    0001 1101    1000 0100
       
jumps    0,    0, ge      00 80 00 84           0000 0000    1000 0000    0000 0000    1000 0100
jumps    1,    0, ge      00 80 00 84           0000 0000    1000 0000    0000 0000    1000 0100
jumps    2,    0, ge      00 80 00 84           0000 0000    1000 0000    0000 0000    1000 0100
jumps    3,    0, ge      00 80 00 84           0000 0000    1000 0000    0000 0000    1000 0100
jumps    4,    0, ge      00 80 02 84           0000 0000    1000 0000    0000 0010    1000 0100
jumps    8,    0, ge      00 80 04 84           0000 0000    1000 0000    0000 0100    1000 0100
jumps   12,    0, ge      00 80 06 84           0000 0000    1000 0000    0000 0110    1000 0100
jumps   13,    0, ge      00 80 06 84           0000 0000    1000 0000    0000 0110    1000 0100
jumps   13, 0x96, ge      96 80 06 84           1001 0110    1000 0000    0000 0110    1000 0100
jumps 0x3a, 0xff, ge      ff 80 1c 84           1111 1111    1000 0000    0001 1100    1000 0100
