 jumpr    0,      0, lt    00 00 00 82          0000 0000    0000 0000    0000 0000    1000 0010
 jumpr    1,      0, lt    00 00 00 82          0000 0000    0000 0000    0000 0000    1000 0010
 jumpr    2,      0, lt    00 00 00 82          0000 0000    0000 0000    0000 0000    1000 0010
 jumpr    3,      0, lt    00 00 00 82          0000 0000    0000 0000    0000 0000    1000 0010
 jumpr    4,      0, lt    00 00 02 82          0000 0000    0000 0000    0000 0010    1000 0010
 jumpr    8,      0, lt    00 00 04 82          0000 0000    0000 0000    0000 0100    1000 0010
 jumpr   12,      0, lt    00 00 06 82          0000 0000    0000 0000    0000 0110    1000 0010
 jumpr   13,      0, lt    00 00 06 82          0000 0000    0000 0000    0000 0110    1000 0010
 jumpr   13, 0x7fed, lt    ed 7f 06 82          1110 1101    0111 1111    0000 0110    1000 0010
 jumpr 0x3a, 0x7fed, lt    ed 7f 1c 82          1110 1101    0111 1111    0001 1100    1000 0010
         
 jumpr    0,      0, ge    00 00 01 82          0000 0000    0000 0000    0000 0001    1000 0010
 jumpr    1,      0, ge    00 00 01 82          0000 0000    0000 0000    0000 0001    1000 0010
 jumpr    2,      0, ge    00 00 01 82          0000 0000    0000 0000    0000 0001    1000 0010
 jumpr    3,      0, ge    00 00 01 82          0000 0000    0000 0000    0000 0001    1000 0010
 jumpr    4,      0, ge    00 00 03 82          0000 0000    0000 0000    0000 0011    1000 0010
 jumpr    8,      0, ge    00 00 05 82          0000 0000    0000 0000    0000 0101    1000 0010
 jumpr   12,      0, ge    00 00 07 82          0000 0000    0000 0000    0000 0111    1000 0010
 jumpr   13,      0, ge    00 00 07 82          0000 0000    0000 0000    0000 0111    1000 0010
 jumpr   13, 0x7fed, ge    ed 7f 07 82          1110 1101    0111 1111    0000 0111    1000 0010
 jumpr 0x3a, 0x7fed, ge    ed 7f 1d 82          1110 1101    0111 1111    0001 1101    1000 0010

 
    
    
    
    
    
    
    
    
    
  