tsens r0, 0            00 00 00 a0       0000 0000    0000 0000    0000 0000    1010 0000
tsens r0, 1            04 00 00 a0       0000 0100    0000 0000    0000 0000    1010 0000
tsens r0, 0x40         00 01 00 a0       0000 0000    0000 0001    0000 0000    1010 0000
tsens r0, 0x3fff       fc ff 00 a0       1111 1100    1111 1111    0000 0000    1010 0000
tsens r0, 0x4000       00 00 00 a0       0000 0000    0000 0000    0000 0000    1010 0000
tsens r1, 0            01 00 00 a0       0000 0001    0000 0000    0000 0000    1010 0000
tsens r1, 1            05 00 00 a0       0000 0101    0000 0000    0000 0000    1010 0000
tsens r1, 0x40         01 01 00 a0       0000 0001    0000 0001    0000 0000    1010 0000
tsens r1, 0x3fff       fd ff 00 a0       1111 1101    1111 1111    0000 0000    1010 0000
tsens r1, 0x4000       01 00 00 a0       0000 0001    0000 0000    0000 0000    1010 0000
tsens r2, 0            02 00 00 a0       0000 0010    0000 0000    0000 0000    1010 0000
tsens r2, 1            06 00 00 a0       0000 0110    0000 0000    0000 0000    1010 0000
tsens r2, 0x40         02 01 00 a0       0000 0010    0000 0001    0000 0000    1010 0000
tsens r2, 0x3fff       fe ff 00 a0       1111 1110    1111 1111    0000 0000    1010 0000
tsens r2, 0x4000       02 00 00 a0       0000 0010    0000 0000    0000 0000    1010 0000
tsens r3, 0            03 00 00 a0       0000 0011    0000 0000    0000 0000    1010 0000
tsens r3, 1            07 00 00 a0       0000 0111    0000 0000    0000 0000    1010 0000
tsens r3, 0x40         03 01 00 a0       0000 0011    0000 0001    0000 0000    1010 0000
tsens r3, 0x3fff       ff ff 00 a0       1111 1111    1111 1111    0000 0000    1010 0000
tsens r3, 0x4000       03 00 00 a0       0000 0011    0000 0000    0000 0000    1010 0000
